<?xml version="1.0"?>
<opencv_storage>
<calibration_time>"2021-05-14 03:47:47"</calibration_time>
<calibration_model>generic</calibration_model>
<camera_matrix type_id="opencv-matrix">
  <rows>3</rows>
  <cols>3</cols>
  <dt>d</dt>
  <data>
    5.3515547560756522e+02 0. 3.4300949528239954e+02 0.
    5.3508074421108472e+02 2.3590664084861839e+02 0. 0. 1.</data></camera_matrix>
<xi>0.</xi>
<distortion_coefficients type_id="opencv-matrix">
  <rows>1</rows>
  <cols>14</cols>
  <dt>d</dt>
  <data>
    -2.4126853399419279e+01 1.4613120014963178e+02
    1.7654748719576657e-03 -2.4803238619967150e-04
    -7.0000517609700594e+00 -2.3851982496207114e+01
    1.3950579243517635e+02 3.2929818306575520e+01 0. 0. 0. 0. 0. 0.</data></distortion_coefficients>
<flags>16384</flags>
<avg_reprojection_error>3.8729631257673569e-01</avg_reprojection_error>
<nframes>13</nframes>
<image_width>720</image_width>
<image_height>540</image_height>
<board_width>9</board_width>
<board_height>6</board_height>
<square_width>50</square_width>
<square_height>50</square_height>
<used_images>
  "./images/left01.jpg" "./images/left02.jpg" "./images/left03.jpg"
  "./images/left04.jpg" "./images/left05.jpg" "./images/left06.jpg"
  "./images/left07.jpg" "./images/left08.jpg" "./images/left09.jpg"
  "./images/left11.jpg" "./images/left12.jpg" "./images/left13.jpg"
  "./images/left14.jpg"</used_images>
<image_points type_id="opencv-matrix">
  <rows>13</rows>
  <cols>54</cols>
  <dt>"2d"</dt>
  <data>
    2.4440567016601562e+02 9.4136680603027344e+01 2.7439608764648438e+02
    9.2210090637207031e+01 3.0550259399414062e+02 9.0310058593750000e+01
    3.3830502319335938e+02 8.8795600891113281e+01 3.7172146606445312e+02
    8.7883659362792969e+01 4.0645571899414062e+02 8.6711883544921875e+01
    4.4163619995117188e+02 8.6246696472167969e+01 4.7762329101562500e+02
    8.6221755981445312e+01 5.1376782226562500e+02 8.6530319213867188e+01
    2.4489393615722656e+02 1.2618104553222656e+02 2.7470462036132812e+02
    1.2487339782714844e+02 3.0605722045898438e+02 1.2397991943359375e+02
    3.3862377929687500e+02 1.2308598327636719e+02 3.7224954223632812e+02
    1.2228649139404297e+02 4.0667132568359375e+02 1.2214258575439453e+02
    4.4209701538085938e+02 1.2208509826660156e+02 4.7800808715820312e+02
    1.2223826599121094e+02 5.1427258300781250e+02 1.2278312683105469e+02
    2.4535479736328125e+02 1.5827662658691406e+02 2.7525085449218750e+02
    1.5804858398437500e+02 3.0654656982421875e+02 1.5764883422851562e+02
    3.3889178466796875e+02 1.5739781188964844e+02 3.7238726806640625e+02
    1.5742012023925781e+02 4.0680023193359375e+02 1.5749502563476562e+02
    4.4211318969726562e+02 1.5788398742675781e+02 4.7791409301757812e+02
    1.5832264709472656e+02 5.1388714599609375e+02 1.5937237548828125e+02
    2.4634913635253906e+02 1.9038891601562500e+02 2.7585974121093750e+02
    1.9052296447753906e+02 3.0708294677734375e+02 1.9106497192382812e+02
    3.3926379394531250e+02 1.9156018066406250e+02 3.7257601928710938e+02
    1.9204432678222656e+02 4.0676748657226562e+02 1.9252133178710938e+02
    4.4171240234375000e+02 1.9362092590332031e+02 4.7740914916992188e+02
    1.9433456420898438e+02 5.1307763671875000e+02 1.9562419128417969e+02
    2.4735075378417969e+02 2.2227192687988281e+02 2.7691662597656250e+02
    2.2340332031250000e+02 3.0756655883789062e+02 2.2425900268554688e+02
    3.3955343627929688e+02 2.2540028381347656e+02 3.7270565795898438e+02
    2.2632283020019531e+02 4.0659289550781250e+02 2.2764672851562500e+02
    4.4125033569335938e+02 2.2863090515136719e+02 4.7669122314453125e+02
    2.3002955627441406e+02 5.1191790771484375e+02 2.3157785034179688e+02
    2.4892411804199219e+02 2.5359216308593750e+02 2.7759536743164062e+02
    2.5509490966796875e+02 3.0849258422851562e+02 2.5651522827148438e+02
    3.4001464843750000e+02 2.5824218750000000e+02 3.7268399047851562e+02
    2.5990835571289062e+02 4.0622143554687500e+02 2.6170129394531250e+02
    4.4050210571289062e+02 2.6323281860351562e+02 4.7532180786132812e+02
    2.6462509155273438e+02 5.1036492919921875e+02 2.6620251464843750e+02
    2.5643841552734375e+02 3.6233563232421875e+02 2.5523754882812500e+02
    3.3442443847656250e+02 2.5430526733398438e+02 3.0890841674804688e+02
    2.5328532409667969e+02 2.8039620971679688e+02 2.5263264465332031e+02
    2.4855957031250000e+02 2.5175167846679688e+02 2.1281454467773438e+02
    2.5125950622558594e+02 1.7268237304687500e+02 2.5109545898437500e+02
    1.2798350524902344e+02 2.5146316528320312e+02 7.8190093994140625e+01
    2.9101513671875000e+02 3.6922695922851562e+02 2.9261404418945312e+02
    3.4345013427734375e+02 2.9363296508789062e+02 3.1809057617187500e+02
    2.9514129638671875e+02 2.8976351928710938e+02 2.9685330200195312e+02
    2.5806289672851562e+02 2.9876248168945312e+02 2.2236032104492188e+02
    3.0110971069335938e+02 1.8212434387207031e+02 3.0376248168945312e+02
    1.3698228454589844e+02 3.0705734252929688e+02 8.6712043762207031e+01
    3.2758343505859375e+02 3.7766113281250000e+02 3.3083865356445312e+02
    3.5221893310546875e+02 3.3424560546875000e+02 3.2716085815429688e+02
    3.3806158447265625e+02 2.9922271728515625e+02 3.4226654052734375e+02
    2.6776364135742188e+02 3.4708666992187500e+02 2.3224531555175781e+02
    3.5237783813476562e+02 1.9220980834960938e+02 3.5842587280273438e+02
    1.4696156311035156e+02 3.6512701416015625e+02 9.6777374267578125e+01
    3.6331417846679688e+02 3.8613674926757812e+02 3.6952404785156250e+02
    3.6048608398437500e+02 3.7527679443359375e+02 3.3609701538085938e+02
    3.8159222412109375e+02 3.0835635375976562e+02 3.8845358276367188e+02
    2.7745706176757812e+02 3.9613598632812500e+02 2.4233850097656250e+02
    4.0460546875000000e+02 2.0272360229492188e+02 4.1396667480468750e+02
    1.5775987243652344e+02 4.2412997436523438e+02 1.0784123229980469e+02
    4.0103042602539062e+02 3.9136746215820312e+02 4.0846337890625000e+02
    3.6860641479492188e+02 4.1643228149414062e+02 3.4454400634765625e+02
    4.2523907470703125e+02 3.1736160278320312e+02 4.3480276489257812e+02
    2.8678451538085938e+02 4.4528320312500000e+02 2.5239248657226562e+02
    4.5684277343750000e+02 2.1354594421386719e+02 4.6952047729492188e+02
    1.6935054016113281e+02 4.8313406372070312e+02 1.2009432220458984e+02
    4.3531903076171875e+02 4.0252868652343750e+02 4.4671447753906250e+02
    3.7614639282226562e+02 4.5698489379882812e+02 3.5243240356445312e+02
    4.6807629394531250e+02 3.2577618408203125e+02 4.8023001098632812e+02
    2.9607812500000000e+02 4.9346755981445312e+02 2.6240652465820312e+02
    5.0786383056640625e+02 2.2414781188964844e+02 5.2348883056640625e+02
    1.8112692260742188e+02 5.4009582519531250e+02 1.3308836364746094e+02
    2.7719824218750000e+02 7.2200073242187500e+01 3.1396679687500000e+02
    8.1246978759765625e+01 3.5299389648437500e+02 9.1031547546386719e+01
    3.9323925781250000e+02 1.0198655700683594e+02 4.3471765136718750e+02
    1.1361607360839844e+02 4.7710189819335938e+02 1.2635549163818359e+02
    5.1973077392578125e+02 1.3957861328125000e+02 5.6236175537109375e+02
    1.5360380554199219e+02 6.0378308105468750e+02 1.6829827880859375e+02
    2.6003244018554688e+02 1.0536006927490234e+02 2.9755920410156250e+02
    1.1520572662353516e+02 3.3717379760742188e+02 1.2630902099609375e+02
    3.7844332885742188e+02 1.3813096618652344e+02 4.2107369995117188e+02
    1.5089581298828125e+02 4.6453814697265625e+02 1.6444860839843750e+02
    5.0850720214843750e+02 1.7862606811523438e+02 5.5241192626953125e+02
    1.9325234985351562e+02 5.9545379638671875e+02 2.0816654968261719e+02
    2.4245950317382812e+02 1.4061918640136719e+02 2.8019424438476562e+02
    1.5180957031250000e+02 3.2052020263671875e+02 1.6392143249511719e+02
    3.6262075805664062e+02 1.7701318359375000e+02 4.0607681274414062e+02
    1.9071026611328125e+02 4.5068899536132812e+02 2.0527401733398438e+02
    4.9593249511718750e+02 2.2015682983398438e+02 5.4121759033203125e+02
