<?xml version="1.0"?>
<opencv_storage>
<color_patch_value type_id="opencv-matrix">
  <rows>24</rows>
  <cols>1</cols>
  <dt>"3d"</dt>
  <data>
    3.6420158198335120e-02 2.5548915984479524e-02 2.2900763358778626e-02
    7.1948171081298029e-02 5.3973168214654282e-02 4.6194243779383096e-02
    1.2055466814825103e-01 9.4689446026344409e-02 8.2630738245711502e-02
    2.0208947540830174e-01 1.5930319621882166e-01 1.3641490008891385e-01
    3.0491023912580711e-01 2.3652404266893728e-01 2.0530286903663755e-01
    4.0763724884641939e-01 3.3100073877605402e-01 2.9165909723988426e-01
    1.7125638134041496e-01 9.3734463482362654e-02 4.0670813780057477e-02
    1.4676766578473657e-01 9.5011658391021242e-02 1.6330929167723776e-01
    1.1557122849139655e-01 2.0044017607042816e-01 2.1717687074829931e-01
    6.7121234458695764e-02 7.1431028551771580e-02 1.5020148410241288e-01
    1.0801955743737082e-01 1.1747063864106053e-01 6.5305710973335346e-02
    1.3294545820897399e-01 4.8549875955520294e-02 3.3928998702885134e-02
    9.0221576276804605e-02 1.5008541778219742e-01 1.8845712537290599e-01
    1.0998945268321197e-01 1.5961013050716075e-01 1.2000813287077630e-01
    7.6079958264941266e-02 4.2493415276558380e-02 5.5128449822498760e-02
    9.7708259459175495e-02 9.1890259117712716e-02 1.6612689282008852e-01
    1.7181601612607661e-01 7.2206078693159509e-02 5.1836435508782946e-02
    9.0008343763037138e-02 1.3629536921151439e-01 2.0193731748018356e-01
    2.1067829000759181e-01 1.6527396005131023e-01 9.2389853137516686e-02
    1.8543845315904142e-01 1.0917211328976034e-01 1.0712690631808279e-01
    6.9164952694364457e-02 7.1506924448100917e-02 5.7172631290278352e-02
    1.6109792820171240e-01 9.4220334984666199e-02 6.8892496843040121e-02
    1.6324055749715777e-01 1.5460019369236599e-01 1.8457198197818855e-01
    7.0259133272490934e-02 6.7230841560883881e-02 7.7521502253934005e-02</data></color_patch_value>
</opencv_storage>
