<?xml version="1.0"?>
<opencv_storage>
<color_patch_value type_id="opencv-matrix">
  <rows>24</rows>
  <cols>1</cols>
  <dt>"3d"</dt>
  <data>
    4.6793552146047779e-01 2.8835296402499627e-01 2.2618212559834580e-01
    8.2729981946843045e-01 6.2661685405138678e-01 5.6035276103650966e-01
    4.7180222933451055e-01 5.4871059117831000e-01 6.7418688968186813e-01
    4.2323366500413540e-01 4.9072157196922223e-01 2.6378021170121224e-01
    6.5600409536346360e-01 5.9288043431501602e-01 7.5601097832726771e-01
    5.6958373513339755e-01 7.9358727097396342e-01 7.3378156362727243e-01
    8.6803184147333001e-01 4.9159226274887968e-01 1.9414600941630267e-01
    3.0423001972064367e-01 3.3121112757739474e-01 6.7600110466721897e-01
    8.7784857828023299e-01 3.2583439131048103e-01 3.8492876287205530e-01
    3.7937050904100272e-01 2.1020818562146787e-01 3.4734284494089451e-01
    7.2506917401106774e-01 7.9798028967684631e-01 2.5316577850652455e-01
    8.9153577777482240e-01 7.1728885992561164e-01 2.0475500170676456e-01
    2.1370970772364142e-01 2.4697089261154828e-01 6.4036480057718759e-01
    3.3396112660497645e-01 6.6352303270048352e-01 3.1986339467348135e-01
    8.2475677913475465e-01 2.3603362272253137e-01 2.3253741156988567e-01
    9.1098214696063806e-01 8.1749622926093513e-01 3.8116009241966543e-02
    8.2010925040894167e-01 3.5839515505614139e-01 6.1966763616795006e-01
    2.7332902198348491e-01 6.0556340103912332e-01 7.1954845209342433e-01
    9.2303268982684716e-01 9.0744477609681717e-01 8.9548334865491630e-01
    8.4883531343571916e-01 8.2525026562349080e-01 8.2532599246595195e-01
    7.2879791916766712e-01 7.0153741496598643e-01 6.9159983993597440e-01
    5.3560017915795766e-01 5.1230466806011743e-01 4.7010218639063067e-01
    3.5883794694348325e-01 3.4283957527647735e-01 3.2931084198385241e-01
    1.9602788198047197e-01 1.9625491082909871e-01 1.8773068702831652e-01</data></color_patch_value>
</opencv_storage>
